521610
516043
272916
26891
153071
541561
7466
170462
186590
11735
267604
333782
152436
112014
207516
105875
144947
637871
45226
517962
275781
236939
258372
197384
188879
169226
36821
226543
522557
141016
189259
334657
298276
199931
168650
515262
175122
538202
280247
76509
565101
297660
91231
151020
506232
33716
137560
155093
637959
101247
83870
239274
52719
85170
36183
517237
73975
14585
265858
62555
229330
287984
241724
198091
300142
281604
225676
14718
199152
154591
41607
156958
4897
166650
266099
154463
236838
107897
516329
256949
246939
224186
509865
182622
333078
207197
103790
242130
171146
236865
260772
109085
247274
144477
161423
336026
523197
153359
245642
22176
246258
149345
135310
138274
251314
189039
124074
499318
224844
135616
68010
528537
167802
256915
510503
277270
551693
14172
553703
7227
193971
9890
149529
139483
70532
281058
548785
163253
32556
224890
140787
116921
124311
546725
127908
59125
5102
17166
540477
122368
132398
281065
244638
528207
149344
201100
6869
185644
627497
78834
90411
112302
529389
285420
259644
160273
187651
411780
144582
245390
180973
210628
109109
21029
548641
147634
268963
534350
501471
621230
166913
121572
624796
269670
268135
182283
282089
43525
212135
25503
540508
196125
110035
214303
234878
140433
192044
527913
408868
260249
623840
123484
195228
133201
168311
219359
87543
24070
333902
232802
550668
619764
26689
15369
637816
288453
196831
213912
171338
255661
210743
219124
225477
294420
287421
281494
231768
532896
67278
214089
179077
548987
336083
6890
192003
153722
192480
130186
407725
235215
40592
252176
508480
623303
342924
271579
114069
143274
267809
92542
508981
123743
18392
133668
75119
158227
528602
135584
27673
84144
264640
300432
145412
92480
22585
288438
92095
544673
128363
88256
126238
541065
153787
83696
170055
234
219411
186018
66108
127400
204957
504932
196888
125674
296555
342318
536545
414929
405491
405432
215354
132677
19410
240045
279577
48924
332159
148252
186200
21519
166139
9499
522453
264416
265595
18076
261402
27182
545726
73462
286374
247793
184747
143258
25814
39254
217040
242125
132430
137916
32294
29719
71628
84522
140581
523954
119286
284037
266957
254650
539398
249479
279229
196372
734
26969
255098
34448
260
625089
228057
222639
551724
501763
82901
46737
248626
241353
518360
92388
177710
241359
270940
127899
264821
117082
186734
232239
204136
170379
92556
222476
50156
273415
179362
74519
57057
150802
175181
163636
286818
20659
232924
176733
298537
334802
231884
637576
135759
262611
30051
630390
162959
256440
258707
300550
524333
541624
263883
287731
103836
186268
1639
260047
521289
279168
217835
344985
511449
164630
333753
627179
178524
18378
507516
2860
58158
228717
415167
531669
250057
85873
625628
118491
281022
521258
114298
250479
203656
24686
160810
272082
152290
270015
197994
243700
107631
84527
116373
278816
175292
13871
502201
341880
192753
276639
276567
74609
91109
105738
285812
110144
178916
195064
169056
30028
49499
143717
39389
295931
186814
134964
162222
159451
139554
115724
249268
163480
103138
405271
285937
6595
126457
247972
626470
346299
505050
107871
502759
543476
128553
123505
118184
65691
187216
517374
148215
204693
406669
627353
271756
114172
6788
89919
3673
134977
3007
622925
499151
223760
126491
55446
528254
287524
264903
152366
296364
247733
193557
231887
506791
55120
15320
146507
266991
268708
254090
253265
541570
4752
